# Created by Octave 6.3.0, Wed Jan 03 01:01:22 2024 GMT <unknown@LAPTOP-SKS32D4B>
# name: rstate
# type: uint32 matrix
# ndims: 2
 625 1
 3144004324
 1865516995
 2382290858
 3850468944
 3719710875
 1764078882
 360774504
 908982452
 688918684
 797761569
 1691720712
 2373223910
 2801474807
 2518414545
 736106728
 2644025035
 1684522941
 2160863529
 3228922401
 2079569209
 2361389764
 787233788
 1638392929
 3243041916
 261388849
 950537835
 1504754711
 2576081386
 456400427
 45347833
 180566135
 4081106946
 3833250105
 1631928305
 3665944783
 1627959629
 483341465
 2313537876
 2545045859
 2086673331
 2975731128
 579000077
 2269247849
 2960657339
 1147857658
 109886228
 415741177
 2084059982
 4223684011
 1076374673
 3351197783
 3528544383
 2732068714
 4294938946
 3941420329
 2008246025
 1095439145
 1472585317
 2390981002
 2889292137
 1122858736
 4005268444
 162225123
 3280993865
 2178493704
 3520772870
 2979234588
 1921863016
 646973263
 1331603116
 726338092
 696892225
 2331630882
 212709545
 4131482493
 2447700143
 3618392432
 4202676906
 3089561882
 2072802938
 2872925511
 993887147
 772763195
 2813840251
 2523199251
 2526435905
 2379997039
 1769849610
 3098004129
 1758429417
 2202450365
 3259721591
 1946709660
 3379394037
 2700557789
 2038821606
 3516579462
 1825274246
 2666809547
 3917685584
 3761700820
 4033051074
 822074759
 2748785030
 1247359437
 2962069684
 1546124228
 994917914
 3635082022
 452019124
 1762727863
 3373868909
 2771327988
 3161260963
 994066675
 1238012209
 2549217792
 3986024190
 386455231
 678338384
 3702969698
 2317610510
 3470408284
 1829582486
 374110939
 276374035
 3040082303
 670789183
 3552219069
 1700600762
 560752901
 1178102747
 1415039388
 4176599729
 761815337
 2343934280
 572419446
 1718319618
 2999062342
 2108252843
 1887767408
 3634543248
 2026095855
 2185636785
 3940279193
 2139325785
 2553848388
 3913060234
 1092867896
 383903498
 3920770222
 88347609
 369716377
 2715892774
 1892153838
 1737725472
 221772796
 260626702
 3987708500
 4096687576
 490882258
 2116584094
 3713135393
 2154830097
 1361212904
 1634883241
 2837131928
 1208364455
 1146897829
 3473608980
 3204260449
 1292980539
 3555580341
 3075452403
 1725088360
 4060966963
 4176418555
 408806188
 4166288673
 3667318199
 2959919641
 875133586
 1436451248
 2573642898
 540414455
 1256039626
 947906750
 1871384376
 3150130641
 3789888874
 1950284776
 1055058347
 2664361143
 492144546
 658488915
 279426060
 1212017547
 3439427518
 3845735217
 459163628
 2974925979
 1013034382
 4211038699
 1976148168
 975014986
 2567724320
 1486223433
 2963902189
 3376103682
 441723812
 3813444170
 125757274
 1940613115
 4095744369
 3905920066
 95152516
 473712898
 1510758614
 455177384
 2113799199
 2023599826
 448729535
 464828515
 1347769258
 3152218605
 3532651486
 2200256155
 972244306
 2623717730
 607580369
 1541651512
 3885686853
 1473001758
 1273598067
 2387735316
 3247595900
 545307673
 56350361
 2452119319
 3518522856
 1939685319
 2170870179
 403730478
 5935197
 169408805
 3907671651
 174500082
 591052623
 333130655
 2714902530
 1722037957
 2558857060
 1028951299
 3155195304
 2733167157
 3490671633
 128112174
 493286644
 2954110518
 1055222386
 2191177031
 2109536031
 2618564842
 918840982
 454115162
 3251552444
 2065670023
 4187122785
 1641846778
 3745086342
 2576696997
 4153752537
 2078696053
 482462941
 740000347
 4178947042
 822319886
 2991247510
 1384630567
 4090081799
 445187950
 3861721819
 2976972296
 1916397783
 3678098391
 1806987639
 578744618
 2078615806
 758307693
 3912981894
 3665453908
 2523823135
 401062891
 4271315015
 3719576392
 927155768
 427817124
 3494995396
 1108540367
 1402044801
 2958255787
 1421420690
 1879509141
 95465094
 2509191023
 3030368666
 249144518
 880698747
 1432378222
 3648006052
 2668135651
 4172356484
 2444351366
 1547588668
 2993957336
 1082089066
 3054190560
 695919365
 1110851907
 3132915907
 126138811
 3219847808
 1321412388
 78963326
 1262870443
 216657493
 3533287186
 2073832451
 2882543496
 1465185469
 580831666
 3221257150
 2605555530
 57616994
 2558690893
 2911714972
 434448897
 1407967189
 305062024
 2218807527
 3517239593
 3834464610
 1915212154
 2539824884
 2677907358
 1709316834
 1006059723
 1573066891
 1177624498
 522907855
 2413776769
 3740279869
 2244511765
 2343219091
 3382096638
 221189933
 3615156461
 1503473543
 4021180199
 2701383916
 2290946626
 1376385730
 4062211355
 1314947939
 281767829
 312076147
 1232383647
 131636846
 1981749053
 3683581486
 1457057694
 1680354816
 21016906
 3687490565
 3905892141
 513411848
 2147715156
 3756043686
 1820176634
 3459033102
 1809898520
 2148579195
 3083045658
 4252083114
 626881500
 177601955
 2990334714
 960980607
 882906734
 1022152872
 625574873
 3730183825
 3632694019
 3543110386
 3051585793
 1258445608
 3198784743
 3752436528
 3259665210
 460673269
 793050129
 3588075295
 3490194557
 709476700
 1573195070
 807992032
 4069833048
 3570722333
 4217064824
 2565957468
 128932083
 2910819183
 2843907968
 1375644505
 4177311997
 4098627274
 752545422
 1937898511
 250550719
 863466938
 1173526915
 659409633
 413062482
 2044532309
 1493241408
 2303956963
 64405244
 3884082246
 288695472
 725075412
 2170636343
 929633602
 1826795936
 1262116685
 1380207801
 2900113893
 4133738464
 499299280
 22789669
 368678593
 283431872
 3770872230
 1196006481
 1343899924
 878243123
 2576623173
 3040172565
 3690096677
 3260331410
 308229402
 2126895921
 3840757807
 3898795471
 2104892620
 225606329
 1011786534
 276445783
 2927012834
 3981831657
 499824057
 1599717726
 2129537557
 113238631
 884224969
 1995254513
 2083080662
 2664375615
 3916757147
 2543690041
 4110023750
 559852308
 1103147290
 2080497967
 701724177
 1430129214
 540440218
 1337548413
 3240609580
 867698517
 357347131
 1849903650
 1933298274
 966357855
 2126707557
 1674912219
 2209991670
 2025633998
 2115349685
 3485425709
 1794500011
 3891715523
 4234053860
 3202299693
 3741632366
 3585588471
 1434901387
 1042384699
 3552223858
 697146538
 1114616783
 483725189
 1417484682
 3939860035
 2646409057
 1212267782
 1925995470
 1052416654
 643709423
 3008644506
 4069570795
 1472174579
 177518752
 2630824200
 2714221033
 99293029
 1761361765
 475162157
 3510024880
 3636176401
 380455167
 2905464792
 3107862431
 3700400623
 1529881893
 4061483732
 2549667026
 3548937646
 935370448
 4115506973
 2395217861
 3464763199
 3571750438
 3419727960
 3297697115
 3783504021
 3167931179
 4030059342
 1764144225
 1226829494
 1892807546
 2677355647
 2022511623
 4183624910
 3893993439
 3528713814
 4010425129
 4034320289
 1075832670
 1157266193
 2271261437
 1711414931
 1494450156
 2917736451
 202303422
 2142669492
 3187296862
 1335123358
 1439783947
 3599440104
 179394911
 2909638866
 3637398498
 2939075483
 2489655496
 1620801067
 357056562
 2214180133
 3535083345
 1359870577
 740124812
 1663009248
 95016174
 3931497135
 1857419130
 3583677455
 873917662
 1577954825
 844713399
 4282489934
 3937115115
 1060413694
 612373887
 3841332751
 4032437949
 124211530
 1478478308
 1837685479
 1002642475
 502231800
 2966869646
 3276698309
 3340111839
 3583528821
 1241975865
 3927790332
 3939086277
 3444851444
 1739351399
 3163522976
 4243836504
 3251022410
 2130619398
 3748165932
 2034069317
 2648086827
 1357626013
 592690403
 2238189635
 1874488931
 39740636
 3884570004
 1094729812
 988642782
 3556008333
 117462391
 1416414586
 2913088402
 645309874
 2786872235
 1520904086
 393441850
 161368809
 2007513778
 2736475541
 619


